     WMM-95  1995.00 12  8  0 1995.00 2000.00   -1.0  600.0          WMM-95    1
 0 1-29682.1     0.0   17.60    0.00                                 WMM-95    2
 1 1 -1782.2  5315.6   13.20  -18.00                                 WMM-95    3
 0 2 -2194.7     0.0  -13.70    0.00                                 WMM-95    4
 1 2  3078.6 -2359.1    4.00  -14.60                                 WMM-95    5
 2 2  1685.7  -418.6   -0.30   -7.20                                 WMM-95    6
 0 3  1318.8     0.0    0.80    0.00                                 WMM-95    7
 1 3 -2273.6  -261.1   -6.60    4.00                                 WMM-95    8
 2 3  1246.9   301.0   -0.50    2.20                                 WMM-95    9
 3 3   766.3  -416.5   -8.50  -12.60                                 WMM-95   10
 0 4   940.0     0.0    1.20    0.00                                 WMM-95   11
 1 4   782.9   259.4    1.10    1.30                                 WMM-95   12
 2 4   290.9  -230.9   -6.80    1.00                                 WMM-95   13
 3 4  -418.9    99.8    0.30    2.50                                 WMM-95   14
 4 4   113.8  -306.1   -4.50   -1.20                                 WMM-95   15
 0 5  -209.5     0.0    0.90    0.00                                 WMM-95   16
 1 5   354.0    43.7    0.50    0.50                                 WMM-95   17
 2 5   238.2   157.6   -1.40    1.50                                 WMM-95   18
 3 5  -122.1  -150.1   -1.70    0.60                                 WMM-95   19
 4 5  -162.8   -59.2    0.00    1.70                                 WMM-95   20
 5 5   -23.3   104.4    2.10    0.60                                 WMM-95   21
 0 6    68.5     0.0    0.40    0.00                                 WMM-95   22
 1 6    65.6   -15.2   -0.30    0.70                                 WMM-95   23
 2 6    64.1    74.3    0.30   -1.50                                 WMM-95   24
 3 6  -169.1    69.4    2.10   -0.50                                 WMM-95   25
 4 6    -0.5   -55.3    0.00   -0.70                                 WMM-95   26
 5 6    16.5     3.0   -0.40    1.10                                 WMM-95   27
 6 6   -91.0    33.3   -0.40    2.60                                 WMM-95   28
 0 7    78.0     0.0   -0.30    0.00                                 WMM-95   29
 1 7   -68.1   -76.1   -1.10    0.30                                 WMM-95   30
 2 7     0.1   -24.5   -0.50    0.00                                 WMM-95   31
 3 7    29.6     1.6    0.50    0.70                                 WMM-95   32
 4 7     6.0    20.0    1.30   -0.60                                 WMM-95   33
 5 7     8.7    16.5    0.10    0.10                                 WMM-95   34
 6 7     9.2   -23.6    0.00   -0.60                                 WMM-95   35
 7 7    -2.4    -6.8   -0.90   -0.40                                 WMM-95   36
 0 8    24.7     0.0    0.10    0.00                                 WMM-95   37
 1 8     3.4    14.9    0.00    0.40                                 WMM-95   38
 2 8    -1.5   -19.5    0.40   -0.30                                 WMM-95   39
 3 8    -9.6     6.3    0.30    0.10                                 WMM-95   40
 4 8   -16.5   -20.4   -1.30    0.80                                 WMM-95   41
 5 8     2.6    12.2    0.50   -0.10                                 WMM-95   42
 6 8     3.6     7.0    0.40   -1.30                                 WMM-95   43
 7 8    -4.9   -19.0   -0.90   -0.90                                 WMM-95   44
 8 8    -8.5    -8.8    0.10   -1.10                                 WMM-95   45
 0 9     2.9     0.0    0.00    0.00                                 WMM-95   46
 1 9     7.5   -19.8    0.00    0.00                                 WMM-95   47
 2 9     0.4    14.6    0.00    0.00                                 WMM-95   48
 3 9   -10.3    10.9    0.00    0.00                                 WMM-95   49
 4 9     9.7    -7.5    0.00    0.00                                 WMM-95   50
 5 9    -2.3    -6.8    0.00    0.00                                 WMM-95   51
 6 9    -2.4     9.3    0.00    0.00                                 WMM-95   52
 7 9     6.8     7.7    0.00    0.00                                 WMM-95   53
 8 9    -0.5    -8.1    0.00    0.00                                 WMM-95   54
 9 9    -6.5     2.6    0.00    0.00                                 WMM-95   55
 010    -2.9     0.0    0.00    0.00                                 WMM-95   56
 110    -3.3     3.2    0.00    0.00                                 WMM-95   57
 210     2.8     1.7    0.00    0.00                                 WMM-95   58
 310    -4.3     2.9    0.00    0.00                                 WMM-95   59
 410    -3.1     5.6    0.00    0.00                                 WMM-95   60
 510     2.4    -3.4    0.00    0.00                                 WMM-95   61
 610     2.8    -0.7    0.00    0.00                                 WMM-95   62
 710     0.7    -2.9    0.00    0.00                                 WMM-95   63
 810     4.1     2.3    0.00    0.00                                 WMM-95   64
 910     3.6    -1.6    0.00    0.00                                 WMM-95   65
1010     0.6    -6.6    0.00    0.00                                 WMM-95   66
 011     1.7     0.0    0.00    0.00                                 WMM-95   67
 111    -1.6     0.3    0.00    0.00                                 WMM-95   68
 211    -3.6     1.0    0.00    0.00                                 WMM-95   69
 311     1.2    -3.6    0.00    0.00                                 WMM-95   70
 411    -0.6    -1.4    0.00    0.00                                 WMM-95   71
 511     0.1     1.9    0.00    0.00                                 WMM-95   72
 611    -0.7     0.2    0.00    0.00                                 WMM-95   73
 711    -0.8    -1.3    0.00    0.00                                 WMM-95   74
 811     1.3    -2.4    0.00    0.00                                 WMM-95   75
 911    -0.3    -0.6    0.00    0.00                                 WMM-95   76
1011     2.2    -2.2    0.00    0.00                                 WMM-95   77
1111     4.2     1.3    0.00    0.00                                 WMM-95   78
 012    -1.8     0.0    0.00    0.00                                 WMM-95   79
 112     0.9     0.3    0.00    0.00                                 WMM-95   80
 212    -0.1     1.4    0.00    0.00                                 WMM-95   81
 312    -0.5     0.8    0.00    0.00                                 WMM-95   82
 412     0.8    -3.0    0.00    0.00                                 WMM-95   83
 512     0.2     0.7    0.00    0.00                                 WMM-95   84
 612     0.5     0.5    0.00    0.00                                 WMM-95   85
 712     0.4    -0.8    0.00    0.00                                 WMM-95   86
 812    -0.4     0.6    0.00    0.00                                 WMM-95   87
 912     0.3     0.1    0.00    0.00                                 WMM-95   88
1012     0.2    -1.3    0.00    0.00                                 WMM-95   89
1112     0.4    -0.4    0.00    0.00                                 WMM-95   90
1212     0.6     0.9    0.00    0.00                                 WMM-95   91
