#      MET_(days)  I_b_end_(A)    Rx_(km)    Ry_(km)    Rz_(km)   Vx_(m/s)   Vy_(m/s)   Vz_(m/s)  Eccentricity  Inclin_(deg)  SemiMajorAxis   Arg_Perigee    RAAN_(deg)   TrueAnomly    Ne_(#/m^3)  Neut_(kg/m^3)    O_(#/m^3)  B0xE(nT)  B0yE(nT)  B0zE(nT)  I_b_ave_(A)  |VxB0|_(V/m)    V_anode  V_cathode  T_temp_C_(ohm)  T_resist_(ohm)
      0.000000000    0.0149155   6943.246      0.000      0.000     -0.000   3797.875   6578.112   0.005000000    60.0000000      6978.1363       0.00000       0.00000    0.0000000   8.28717e+11     8.5407e-13   2.9292e+13  -7205.42   3067.49  23034.94    0.0265785    0.07684526     3.8410     0.0000       257.34305      1159.52026
      0.006944444    0.7084691   5508.089   2119.411   3671.114  -4609.566   3013.486   5219.845   0.004977660    60.0014681      6977.9785     359.97494       0.00019   37.6065776   2.50954e+11     4.1919e-13   1.4630e+13 -34937.40 -15054.12  -2919.50    0.2371046    0.26128518    19.9446     0.0000       253.52403      1142.37937
      0.013888889    0.0000000   1801.341   3365.864   5830.184  -7301.171    995.565   1724.516   0.004977381    60.0014766      6977.9759     359.97220       0.00019   75.0475416   1.72117e+11     1.4738e-13   4.7372e+12 -10388.80 -28943.04 -27039.46    0.0000000    0.29951749     0.0000     0.0000      -122.93869      -547.29701
      0.020833333    0.0000000  -2645.171   3235.468   5604.345  -6996.124  -1411.010  -2444.045   0.004977381    60.0014766      6977.9759     359.97219       0.00019  112.2604011   7.12188e+10     1.0665e-13   3.0822e+12  20095.86 -25446.97 -19929.90    0.0000000    0.27175560     0.0000     0.0000      -125.71980      -559.77945
      0.027777778    0.4639339  -6021.365   1792.401   3104.750  -3866.475  -3228.143  -5591.617   0.004977381    60.0014766      6977.9759     359.97217       0.00019  149.2590589   4.73618e+10     8.2075e-14   2.3856e+12  27670.42  -8760.96  13048.88    0.2739700    0.17492710   327.3010     0.0000      -112.75730      -501.59994
      0.034722222    0.1951827  -6972.640   -373.340   -646.646    804.791  -3738.552  -6475.767   0.004978527    60.0015331      6977.9674     359.96788       0.00018  186.1443959   1.53041e+11     7.4246e-14   2.4209e+12 -16614.05   2089.93  23406.57    0.1029826    0.12062904    19.2654     0.0000       258.29068      1163.77350
      0.041666667    0.2729600  -5120.371  -2388.813  -4137.777   5156.333  -2744.039  -4753.143   0.004978842    60.0015582      6977.9650     359.96907       0.00019  223.0488087   1.73701e+11     1.8375e-13   6.3998e+12 -37482.23 -10793.77 -12273.05    0.0766574    0.27947121     3.7387     0.0000       249.00542      1122.09850
      0.048611111    1.8347884  -1203.003  -3439.525  -5957.801   7445.094   -632.099  -1094.942   0.004978933    60.0015682      6977.9638     359.97069       0.00020  260.1101310   3.64859e+11     4.7427e-13   1.6022e+13  -9718.01 -26995.22 -40545.35    0.4679313    0.36230302     3.1476     0.0000       224.34748      1011.42634
      0.055555556    0.6374109   3200.874  -3091.026  -5354.171   6711.838   1756.247   3042.065   0.004978867    60.0015738      6977.9594     359.97781       0.00018  297.3946420   2.56521e+11     6.7481e-13   2.3261e+13  30864.86 -19422.95 -22674.68    0.1854047    0.29764866     7.9042     0.0000       214.94992       969.24732
      0.062500000    0.0216439   6289.056  -1474.805  -2554.631   3209.496   3440.033   5958.688   0.004978336    60.0016189      6977.9542     359.98365       0.00014  334.8881385   6.58581e+11     1.0002e-12   3.4401e+13  23389.93    210.04  14931.60    0.0290178    0.12370921     3.7629     0.0000       245.02061      1104.21349
      0.069444444   11.0632229   6780.189    749.734   1298.645  -1632.105   3708.328   6423.753   0.004962766    60.0027862      6977.8434     359.95371       0.00038   12.5170572   5.18048e+11     7.0830e-13   2.4465e+13 -18249.94   1895.67  20142.90    3.0184672    0.11473545     6.8481     0.0000       470.20344      2114.90086
      0.076388889    0.0000000   4469.152   2664.644   4615.786  -5791.433   2446.673   4238.340   0.004960672    60.0029365      6977.8279     359.94622       0.00044   50.0725257   2.19209e+11     2.8392e-13   9.7620e+12 -34281.01 -19063.84 -15483.04    0.0000000    0.29713596     0.0000     0.0000      -106.63698      -474.13010
      0.083333333    0.0000000    317.939   3484.124   6035.389  -7550.237    190.919    330.820   0.004960671    60.0029365      6977.8279     359.94621       0.00044   87.4413915   1.62224e+11     1.2777e-13   3.9999e+12   1773.41 -28450.65 -30281.03    0.0000000    0.30255380     0.0000     0.0000      -112.86369      -502.07744
      0.090277778    0.0000000  -3965.862   2882.209   4992.776  -6226.946  -2122.944  -3677.399   0.004960671    60.0029365      6977.8279     359.94619       0.00044  124.5785889   6.98487e+10     9.4561e-14   2.6373e+12  27590.38 -19889.51 -10323.88    0.0000000    0.24225253     0.0000     0.0000      -124.35984      -553.67558
      0.097222222    0.0000000  -6647.296   1113.702   1929.305  -2401.610  -3564.153  -6173.993   0.004960672    60.0029365      6977.8278     359.94618       0.00044  161.5262885   7.47048e+10     7.5940e-14   2.3031e+12  14550.08  -2840.02  22598.12    0.0000000    0.10784458     0.0000     0.0000      -128.69161      -573.11785
      0.104166667    0.1263068  -6654.257  -1103.360  -1911.217   2379.214  -3567.866  -6180.496   0.004961286    60.0029693      6977.8235     359.94589       0.00044  198.4016757   1.27784e+11     9.5798e-14   3.2229e+12 -23506.20   -177.65  11719.72    0.0631591    0.14387441    10.7997     0.0000       258.47861      1164.61700
      0.111111111   -0.0016748  -3983.954  -2876.028  -4981.972   6213.544  -2132.627  -3694.346   0.004961363    60.0029806      6977.8229     359.94635       0.00045  235.3486180   2.59828e+11     2.5025e-13   8.6718e+12 -31025.86 -11129.50 -19245.33   -0.0010145    0.26149104    -5.1221    -0.0000       240.54113      1084.10827
      0.118055556    2.3620663    296.018  -3484.617  -6036.264   7551.355    179.136    310.203   0.004961373    60.0029842      6977.8221     359.94763       0.00046  272.4840896   4.01476e+11     5.7709e-13   1.9272e+13   1681.94 -27056.20 -41785.77    0.6048519    0.36384665     2.3324     0.0000       220.48186       994.07632
      0.125000000    1.0478604   4452.346  -2671.628  -4628.013   5806.781   2437.599   4222.479   0.004961159    60.0029971      6977.8175     359.95473       0.00043  309.8454805   3.06014e+11     7.6985e-13   2.6640e+13  37013.30 -14409.41 -13410.69    0.2800008    0.28279862     6.9007     0.0000       225.86218      1018.22478
      0.131944444    0.0301777   6775.417   -760.377  -1317.202   1655.411   3705.461   6419.325   0.004938723    60.0048758      6977.6493       0.05135     359.99967  347.2970024   1.02289e+12     9.9021e-13   3.3837e+13  14429.49   3271.85  22378.14    0.0413577    0.08663345     3.6848     0.0000       253.02072      1140.12036
      0.138888889    0.9617779   6298.253   1464.673   2537.452  -3187.938   3444.671   5967.509   0.004937632    60.0049571      6977.6412       0.04772     359.99970   24.8994368   2.94406e+11     5.6446e-13   1.9685e+13 -26612.01  -1767.21  12764.03    0.2587298    0.15443153     9.3678     0.0000       259.33995      1168.48295
      0.145833333    0.0000000   3220.132   3085.535   5345.404  -6701.063   1766.485   3060.197   0.004937313    60.0049797      6977.6386       0.04548     359.99971   62.4022407   1.36828e+11     1.8579e-13   6.1554e+12 -27776.55 -22864.36 -25233.96    0.0000000    0.31468536     0.0000     0.0000      -102.32383      -454.77140
      0.152777778    0.0000000  -1181.718   3440.768   5960.772  -7449.253   -620.726  -1075.409   0.004937313    60.0049797      6977.6386       0.04547     359.99971   99.6972123   1.65148e+11     1.1747e-13   3.5827e+12  13595.53 -25996.36 -29127.99    0.0000000    0.29707243     0.0000     0.0000      -106.08689      -471.66113
