#                  NOMINAL TIMING        EARLY TIMING       LATE TIMING
#    mo. yr.  mean +2sig -2sig ap mean +2sig -2sig ap mean +2sig -2sig ap

      1 1999   148  169  119   13  171  196  137   15  119  134   99   11
      2 1999   152  174  121   14  174  199  138   15  123  139  101   12
      3 1999   155  178  124   14  176  201  140   15  127  145  104   12
      4 1999   159  182  127   14  178  204  142   16  132  150  107   12
      5 1999   162  186  129   14  180  206  144   16  136  155  110   13
      6 1999   165  189  132   15  182  208  145   16  140  160  113   13
      7 1999   168  193  134   15  183  209  147   16  144  164  116   13
      8 1999   171  196  136   15  185  210  147   16  148  169  118   13
      9 1999   174  199  137   15  186  211  148   16  152  174  121   14
     10 1999   176  201  139   15  187  212  149   16  155  178  123   14
     11 1999   178  205  141   16  187  214  150   16  159  182  126   14
     12 1999   180  207  143   16  188  214  151   16  162  187  128   14
      1 2000   182  209  144   16  188  214  151   16  165  190  131   15
      2 2000   183  210  146   16  188  213  152   16  168  194  133   15
      3 2000   185  211  146   16  188  213  152   16  171  197  135   15
      4 2000   186  212  147   16  187  212  151   16  174  200  136   15
      5 2000   187  213  148   16  187  211  151   16  176  202  138   15
      6 2000   187  214  149   16  186  210  151   16  178  205  140   16
      7 2000   188  214  150   16  185  208  151   16  180  207  142   16
      8 2000   188  214  150   16  184  206  150   16  182  210  143   16
      9 2000   188  214  151   16  182  205  150   16  183  211  145   16
     10 2000   188  214  151   16  181  203  149   16  185  212  145   16
     11 2000   187  213  150   16  179  200  148   16  186  213  146   16
     12 2000   187  212  150   16  178  198  147   16  187  214  147   16
      1 2001   186  211  150   16  176  195  146   15  187  215  148   16
      2 2001   185  209  150   16  174  193  145   15  188  215  149   16
      3 2001   184  207  149   16  172  190  144   15  188  215  149   16
      4 2001   182  206  149   16  169  187  143   15  188  214  150   16
      5 2001   181  204  148   16  167  184  141   15  188  214  150   16
      6 2001   179  201  147   16  165  181  140   15  187  213  150   16
      7 2001   178  199  146   16  162  178  138   14  187  212  149   16
      8 2001   176  196  145   15  160  175  137   14  186  211  149   16
      9 2001   174  194  144   15  157  171  135   14  185  209  149   16
     10 2001   172  191  143   15  154  168  133   14  184  207  148   16
     11 2001   169  188  142   15  152  165  132   14  182  207  148   16
     12 2001   167  185  140   15  149  161  130   13  181  205  147   16
      1 2002   165  182  139   15  146  158  128   13  179  202  146   16
      2 2002   162  179  137   14  143  155  126   13  178  199  145   16
      3 2002   160  176  136   14  141  151  124   13  176  196  144   15
      4 2002   157  172  134   14  138  148  122   13  174  194  143   15
      5 2002   154  169  133   14  135  145  121   12  172  191  142   15
      6 2002   152  166  132   14  132  141  119   12  169  188  142   15
      7 2002   149  161  130   13  130  138  117   12  167  185  139   15
      8 2002   146  158  128   13  127  135  115   12  165  182  139   15
      9 2002   143  156  126   13  124  132  113   12  162  179  137   14
     10 2002   141  151  124   13  122  127  111   12  160  176  136   14
     11 2002   138  148  122   13  119  124  110   11  157  172  134   14
     12 2002   135  145  120   12  116  121  108   11  154  169  132   14
      1 2003   132  141  118   12  114  118  106   11  152  166  131   14
      2 2003   130  138  116   12  111  117  104   11  149  162  129   13
      3 2003   127  135  114   12  109  113  102   11  146  159  127   13
      4 2003   124  132  113   12  107  110  100   10  143  156  126   13
      5 2003   122  128  111   12  104  108   99   10  141  151  123   13
      6 2003   119  125  110   11  102  105   98   10  138  148  122   13
      7 2003   116  122  108   11  100  103   96   10  135  146  120   12
      8 2003   114  118  106   11   98  100   94   10  132  141  118   12
      9 2003   111  117  104   11   96   98   92   10  130  138  116   12
     10 2003   109  113  102   11   94   96   91    9  127  135  114   12
     11 2003   107  110  100   10   92   94   89    9  124  132  112   12
     12 2003   104  108   99   10   90   92   88    9  122  128  110   12
      1 2004   102  105   98   10   88   90   86    9  119  125  110   11
      2 2004   100  103   96   10   87   88   85    9  116  122  108   11
      3 2004    98  100   94   10   85   86   83    9  114  119  106   11
      4 2004    96   98   92   10   84   85   82    9  111  117  104   11
      5 2004    94   96   91    9   82   83   82    9  109  114  102   11
      6 2004    92   94   89    9   81   82   81    8  107  110  100   10
      7 2004    90   92   88    9   79   80   79    8  104  109   98   10
      8 2004    88   90   86    9   78   79   78    8  102  105   98   10
      9 2004    87   88   85    9   77   78   77    8  100  103   96   10
     10 2004    85   86   83    9   76   76   76    8   98  100   94   10
     11 2004    84   85   82    9   75   75   75    8   96   98   92   10
     12 2004    82   83   82    9   74   74   74    8   94   96   91    9
      1 2005    81   82   81    8   73   73   73    8   92   94   89    9
      2 2005    79   80   79    8   72   72   72    8   90   92   88    9
      3 2005    78   79   78    8   71   71   71    8   88   90   86    9
      4 2005    77   78   77    8   70   71   71    8   87   88   85    9
      5 2005    76   76   76    8   69   71   70    8   85   86   83    9
      6 2005    75   75   75    8   69   71   69    8   84   85   82    9
      7 2005    74   74   74    8   69   71   69    8   82   83   82    9
      8 2005    73   73   73    8   69   71   67    8   81   82   81    8
      9 2005    72   72   72    8   69   71   67    8   79   80   79    8
     10 2005    71   71   71    8   69   71   67    8   78   79   78    8
     11 2005    70   71   71    8   69   71   67    8   77   78   77    8
     12 2005    69   71   70    8   69   71   67    8   76   76   76    8
      1 2006    69   71   69    8   69   71   67    8   75   75   75    8
      2 2006    69   71   69    8   69   71   67    8   74   74   74    8
      3 2006    69   71   67    8   69   71   67    8   73   73   73    8
      4 2006    69   71   67    8   69   71   67    8   72   72   72    8
      5 2006    69   71   67    8   69   71   67    8   71   71   71    8
      6 2006    69   71   67    8   69   71   67    8   70   71   71    8
      7 2006    69   71   67    8   69   71   67    8   69   71   70    8
      8 2006    69   71   67    8   69   71   67    8   69   71   69    8
      9 2006    69   71   67    8   69   71   67    8   69   71   69    8
     10 2006    69   71   67    8   69   71   67    8   69   71   67    8
     11 2006    69   71   67    8   69   71   67    8   69   71   67    8
     12 2006    69   71   67    8   69   71   67    8   69   71   67    8
      1 2007    69   71   67    8   69   71   67    8   69   71   67    8
      2 2007    69   71   67    8   69   71   67    8   69   71   67    8
      3 2007    69   71   67    8   70   74   67    8   69   71   67    8
      4 2007    69   71   67    8   72   77   67    8   69   71   67    8
      5 2007    69   71   67    8   74   81   67    8   69   71   67    8
      6 2007    69   71   67    8   77   84   67    8   69   71   67    8
      7 2007    69   71   67    8   80   88   68    8   69   71   67    8
      8 2007    69   71   67    8   83   93   70    9   69   71   67    8
      9 2007    69   71   67    8   87   97   72    9   69   71   67    8
     10 2007    70   74   67    8   90  102   74    9   69   71   67    8
     11 2007    72   77   67    8   94  108   75    9   69   71   67    8
     12 2007    74   81   67    8   98  112   77   10   69   71   67    8
      1 2008    77   84   67    8  102  117   80   10   69   71   67    8
      2 2008    80   88   68    8  106  124   82   10   69   71   67    8
      3 2008    83   93   69    9  110  130   85   11   69   71   67    8
      4 2008    87   97   72    9  115  135   87   11   69   71   67    8
      5 2008    90  103   73    9  119  141   89   11   70   74   67    8
      6 2008    94  108   74    9  123  146   92   12   72   77   67    8
      7 2008    98  112   77   10  127  153   94   12   74   81   67    8
      8 2008   102  118   79   10  132  158   96   12   77   84   67    8
      9 2008   106  125   82   10  136  164   98   13   80   88   68    8
     10 2008   110  130   84   11  140  169  101   13   83   93   69    9
     11 2008   115  135   86   11  144  173  103   13   87   97   72    9
     12 2008   119  141   89   11  148  179  104   13   90  103   73    9
      1 2009   123  147   91   12  152  185  107   14   94  109   74    9
      2 2009   127  154   93   12  155  189  109   14   98  113   76   10
      3 2009   132  159   95   12  159  193  112   14  102  118   79   10
      4 2009   136  164   98   13  162  198  113   14  106  125   81   10
      5 2009   140  170  100   13  165  201  116   15  110  131   84   11
      6 2009   144  174  102   13  168  206  117   15  115  136   86   11
      7 2009   148  180  103   13  171  209  119   15  119  141   88   11
      8 2009   152  185  106   14  174  212  120   15  123  147   90   12
      9 2009   155  190  109   14  176  214  122   15  127  154   93   12
     10 2009   159  194  111   14  178  217  124   16  132  159   95   12
     11 2009   162  199  112   14  180  220  126   16  136  165   97   13
     12 2009   165  202  115   15  182  222  126   16  140  170   99   13
      1 2010   168  206  116   15  183  223  128   16  144  175  102   13
      2 2010   171  209  118   15  185  223  129   16  148  180  102   13
      3 2010   174  212  119   15  186  224  129   16  152  186  105   14
      4 2010   176  215  121   15  187  226  130   16  155  190  108   14
      5 2010   178  218  123   16  187  227  132   16  159  195  110   14
      6 2010   180  220  125   16  188  227  133   16  162  199  111   14
      7 2010   182  222  125   16  188  227  132   16  165  202  114   15
      8 2010   183  224  127   16  188  225  134   16  168  207  115   15
      9 2010   185  224  128   16  188  226  134   16  171  210  117   15
     10 2010   186  225  128   16  187  225  134   16  174  213  118   15
     11 2010   187  226  129   16  187  223  134   16  176  215  120   15
     12 2010   187  228  131   16  186  222  134   16  178  219  122   16
      1 2011   188  228  132   16  185  220  135   16  180  221  124   16
      2 2011   188  228  131   16  184  217  134   16  182  223  124   16
      3 2011   188  226  133   16  182  217  135   16  183  224  126   16
      4 2011   188  226  133   16  181  214  134   16  185  225  126   16
      5 2011   187  225  133   16  179  211  133   16  186  226  127   16
      6 2011   187  224  133   16  178  208  132   16  187  227  128   16
      7 2011   186  223  134   16  176  205  132   15  187  229  130   16
      8 2011   185  220  134   16  174  203  131   15  188  228  130   16
      9 2011   184  218  133   16  172  199  131   15  188  228  130   16
     10 2011   182  218  134   16  169  196  131   15  188  227  132   16
     11 2011   181  215  133   16  167  193  129   15  188  227  132   16
     12 2011   179  211  132   16  165  189  128   15  187  226  132   16
      1 2012   178  209  131   16  162  186  127   14  187  224  132   16
      2 2012   176  205  131   15  160  183  126   14  186  224  133   16
      3 2012   174  203  130   15  157  178  125   14  185  221  133   16
      4 2012   172  200  130   15  154  175  124   14  184  218  132   16
      5 2012   169  197  130   15  152  172  123   14  182  218  133   16
      6 2012   167  193  128   15  149  167  122   13  181  216  132   16
      7 2012   165  190  128   15  146  164  120   13  179  212  132   16
      8 2012   162  187  126   14  143  161  119   13  178  209  130   16
      9 2012   160  183  126   14  141  156  117   13  176  206  130   15
     10 2012   157  178  124   14  138  153  116   13  174  204  130   15
     11 2012   154  175  123   14  135  150  114   12  172  200  129   15
     12 2012   152  172  123   14  132  145  113   12  169  197  129   15
      1 2013   149  167  121   13  130  141  111   12  167  194  127   15
      2 2013   146  164  120   13  127  138  109   12  165  190  127   15
      3 2013   143  161  119   13  124  135  108   12  162  187  126   14
      4 2013   141  156  117   13  122  130  106   12  160  183  125   14
      5 2013   138  153  115   13  119  127  106   11  157  179  124   14
      6 2013   135  150  114   12  116  124  105   11  154  176  123   14
      7 2013   132  145  113   12  114  120  103   11  152  172  122   14
      8 2013   130  142  110   12  111  119  102   11  149  168  121   13
      9 2013   127  139  109   12  109  115  100   11  146  165  120   13
     10 2013   124  136  108   12  107  112   98   10  143  162  118   13
     11 2013   122  130  106   12  104  110   97   10  141  156  116   13
     12 2013   119  127  106   11  102  107   96   10  138  153  115   13
      1 2014   116  124  105   11  100  105   94   10  135  150  114   12
      2 2014   114  121  103   11   98  101   92   10  132  146  112   12
      3 2014   111  119  102   11   96   99   90   10  130  142  110   12
      4 2014   109  116  100   11   94   97   90    9  127  139  109   12
      5 2014   107  112   98   10   92   95   88    9  124  136  108   12
      6 2014   104  111   96   10   90   93   88    9  122  130  106   12
      7 2014   102  107   96   10   88   91   86    9  119  127  106   11
      8 2014   100  105   94   10   87   88   85    9  116  124  105   11
      9 2014    98  101   92   10   85   86   83    9  114  121  103   11
     10 2014    96   99   90   10   84   85   82    9  111  119  102   11
     11 2014    94   97   90    9   82   83   82    9  109  116  100   11
     12 2014    92   95   88    9   81   82   81    8  107  112   98   10
      1 2015    90   93   88    9   79   80   79    8  104  111   96   10
      2 2015    88   91   86    9   78   79   78    8  102  107   96   10
      3 2015    87   88   85    9   77   78   77    8  100  105   94   10
      4 2015    85   86   83    9   76   76   76    8   98  101   92   10
      5 2015    84   85   82    9   75   75   75    8   96   99   90   10
      6 2015    82   83   82    9   74   74   74    8   94   97   90    9
      7 2015    81   82   81    8   73   73   73    8   92   95   88    9
      8 2015    79   80   79    8   72   72   72    8   90   93   88    9
      9 2015    78   79   78    8   71   71   71    8   88   91   86    9
     10 2015    77   78   77    8   70   71   71    8   87   88   85    9
     11 2015    76   76   76    8   69   71   70    8   85   86   83    9
     12 2015    75   75   75    8   69   71   69    8   84   85   82    9
      1 2016    74   74   74    8   69   71   69    8   82   83   82    9
      2 2016    73   73   73    8   69   71   67    8   81   82   81    8
      3 2016    72   72   72    8   69   71   67    8   79   80   79    8
      4 2016    71   71   71    8   69   71   67    8   78   79   78    8
      5 2016    70   71   71    8   69   71   67    8   77   78   77    8
      6 2016    69   71   70    8   69   71   67    8   76   76   76    8
      7 2016    69   71   69    8   69   71   67    8   75   75   75    8
      8 2016    69   71   69    8   69   71   67    8   74   74   74    8
      9 2016    69   71   67    8   69   71   67    8   73   73   73    8
     10 2016    69   71   67    8   69   71   67    8   72   72   72    8
     11 2016    69   71   67    8   69   71   67    8   71   71   71    8
     12 2016    69   71   67    8   69   71   67    8   70   71   71    8
      1 2017    69   71   67    8   69   71   67    8   69   71   70    8
      2 2017    69   71   67    8   69   71   67    8   69   71   69    8
      3 2017    69   71   67    8   69   71   67    8   69   71   69    8
      4 2017    69   71   67    8   69   71   67    8   69   71   67    8
      5 2017    69   71   67    8   69   71   67    8   69   71   67    8
      6 2017    69   71   67    8   69   71   67    8   69   71   67    8
      7 2017    69   71   67    8   69   71   67    8   69   71   67    8
      8 2017    69   71   67    8   69   72   67    8   69   71   67    8
      9 2017    69   71   67    8   70   75   67    8   69   71   67    8
     10 2017    69   71   67    8   72   79   67    8   69   71   67    8
     11 2017    69   71   67    8   74   83   67    8   69   71   67    8
     12 2017    69   71   67    8   77   86   67    8   69   71   67    8
      1 2018    77   84   67    8  102  117   80   10   69   71   67    8
      2 2018    80   88   68    8  106  124   82   10   69   71   67    8
      3 2018    83   93   69    9  110  130   85   11   69   71   67    8
      4 2018    87   97   72    9  115  135   87   11   69   71   67    8
      5 2018    90  103   73    9  119  141   89   11   70   74   67    8
      6 2018    94  108   74    9  123  146   92   12   72   77   67    8
      7 2018    98  112   77   10  127  153   94   12   74   81   67    8
      8 2018   102  118   79   10  132  158   96   12   77   84   67    8
      9 2018   106  125   82   10  136  164   98   13   80   88   68    8
     10 2018   110  130   84   11  140  169  101   13   83   93   69    9
     11 2018   115  135   86   11  144  173  103   13   87   97   72    9
     12 2018   119  141   89   11  148  179  104   13   90  103   73    9
      1 2019   123  147   91   12  152  185  107   14   94  109   74    9
      2 2019   127  154   93   12  155  189  109   14   98  113   76   10
      3 2019   132  159   95   12  159  193  112   14  102  118   79   10
      4 2019   136  164   98   13  162  198  113   14  106  125   81   10
      5 2019   140  170  100   13  165  201  116   15  110  131   84   11
      6 2019   144  174  102   13  168  206  117   15  115  136   86   11
      7 2019   148  180  103   13  171  209  119   15  119  141   88   11
      8 2019   152  185  106   14  174  212  120   15  123  147   90   12
      9 2019   155  190  109   14  176  214  122   15  127  154   93   12
     10 2019   159  194  111   14  178  217  124   16  132  159   95   12
     11 2019   162  199  112   14  180  220  126   16  136  165   97   13
     12 2019   165  202  115   15  182  222  126   16  140  170   99   13
      1 2020   168  206  116   15  183  223  128   16  144  175  102   13
      2 2020   171  209  118   15  185  223  129   16  148  180  102   13
      3 2020   174  212  119   15  186  224  129   16  152  186  105   14
      4 2020   176  215  121   15  187  226  130   16  155  190  108   14
      5 2020   178  218  123   16  187  227  132   16  159  195  110   14
      6 2020   180  220  125   16  188  227  133   16  162  199  111   14
      7 2020   182  222  125   16  188  227  132   16  165  202  114   15
      8 2020   183  224  127   16  188  225  134   16  168  207  115   15
      9 2020   185  224  128   16  188  226  134   16  171  210  117   15
     10 2020   186  225  128   16  187  225  134   16  174  213  118   15
     11 2020   187  226  129   16  187  223  134   16  176  215  120   15
     12 2020   187  228  131   16  186  222  134   16  178  219  122   16
      1 2021   188  228  132   16  185  220  135   16  180  221  124   16
      2 2021   188  228  131   16  184  217  134   16  182  223  124   16
      3 2021   188  226  133   16  182  217  135   16  183  224  126   16
      4 2021   188  226  133   16  181  214  134   16  185  225  126   16
      5 2021   187  225  133   16  179  211  133   16  186  226  127   16
      6 2021   187  224  133   16  178  208  132   16  187  227  128   16
      7 2021   186  223  134   16  176  205  132   15  187  229  130   16
      8 2021   185  220  134   16  174  203  131   15  188  228  130   16
      9 2021   184  218  133   16  172  199  131   15  188  228  130   16
     10 2021   182  218  134   16  169  196  131   15  188  227  132   16
     11 2021   181  215  133   16  167  193  129   15  188  227  132   16
     12 2021   179  211  132   16  165  189  128   15  187  226  132   16
      1 2022   178  209  131   16  162  186  127   14  187  224  132   16
      2 2022   176  205  131   15  160  183  126   14  186  224  133   16
      3 2022   174  203  130   15  157  178  125   14  185  221  133   16
      4 2022   172  200  130   15  154  175  124   14  184  218  132   16
      5 2022   169  197  130   15  152  172  123   14  182  218  133   16
      6 2022   167  193  128   15  149  167  122   13  181  216  132   16
      7 2022   165  190  128   15  146  164  120   13  179  212  132   16
      8 2022   162  187  126   14  143  161  119   13  178  209  130   16
      9 2022   160  183  126   14  141  156  117   13  176  206  130   15
     10 2022   157  178  124   14  138  153  116   13  174  204  130   15
     11 2022   154  175  123   14  135  150  114   12  172  200  129   15
     12 2022   152  172  123   14  132  145  113   12  169  197  129   15
      1 2023   149  167  121   13  130  141  111   12  167  194  127   15
      2 2023   146  164  120   13  127  138  109   12  165  190  127   15
      3 2023   143  161  119   13  124  135  108   12  162  187  126   14
      4 2023   141  156  117   13  122  130  106   12  160  183  125   14
      5 2023   138  153  115   13  119  127  106   11  157  179  124   14
      6 2023   135  150  114   12  116  124  105   11  154  176  123   14
      7 2023   132  145  113   12  114  120  103   11  152  172  122   14
      8 2023   130  142  110   12  111  119  102   11  149  168  121   13
      9 2023   127  139  109   12  109  115  100   11  146  165  120   13
     10 2023   124  136  108   12  107  112   98   10  143  162  118   13
     11 2023   122  130  106   12  104  110   97   10  141  156  116   13
     12 2023   119  127  106   11  102  107   96   10  138  153  115   13
      1 2024   116  124  105   11  100  105   94   10  135  150  114   12
      2 2024   114  121  103   11   98  101   92   10  132  146  112   12
      3 2024   111  119  102   11   96   99   90   10  130  142  110   12
      4 2024   109  116  100   11   94   97   90    9  127  139  109   12
      5 2024   107  112   98   10   92   95   88    9  124  136  108   12
      6 2024   104  111   96   10   90   93   88    9  122  130  106   12
      7 2024   102  107   96   10   88   91   86    9  119  127  106   11
      8 2024   100  105   94   10   87   88   85    9  116  124  105   11
      9 2024    98  101   92   10   85   86   83    9  114  121  103   11
     10 2024    96   99   90   10   84   85   82    9  111  119  102   11
     11 2024    94   97   90    9   82   83   82    9  109  116  100   11
     12 2024    92   95   88    9   81   82   81    8  107  112   98   10
      1 2025    90   93   88    9   79   80   79    8  104  111   96   10
      2 2025    88   91   86    9   78   79   78    8  102  107   96   10
      3 2025    87   88   85    9   77   78   77    8  100  105   94   10
      4 2025    85   86   83    9   76   76   76    8   98  101   92   10
      5 2025    84   85   82    9   75   75   75    8   96   99   90   10
      6 2025    82   83   82    9   74   74   74    8   94   97   90    9
      7 2025    81   82   81    8   73   73   73    8   92   95   88    9
      8 2025    79   80   79    8   72   72   72    8   90   93   88    9
      9 2025    78   79   78    8   71   71   71    8   88   91   86    9
     10 2025    77   78   77    8   70   71   71    8   87   88   85    9
     11 2025    76   76   76    8   69   71   70    8   85   86   83    9
     12 2025    75   75   75    8   69   71   69    8   84   85   82    9
      1 2026    74   74   74    8   69   71   69    8   82   83   82    9
      2 2026    73   73   73    8   69   71   67    8   81   82   81    8
      3 2026    72   72   72    8   69   71   67    8   79   80   79    8
      4 2026    71   71   71    8   69   71   67    8   78   79   78    8
      5 2026    70   71   71    8   69   71   67    8   77   78   77    8
      6 2026    69   71   70    8   69   71   67    8   76   76   76    8
      7 2026    69   71   69    8   69   71   67    8   75   75   75    8
      8 2026    69   71   69    8   69   71   67    8   74   74   74    8
      9 2026    69   71   67    8   69   71   67    8   73   73   73    8
     10 2026    69   71   67    8   69   71   67    8   72   72   72    8
     11 2026    69   71   67    8   69   71   67    8   71   71   71    8
     12 2026    69   71   67    8   69   71   67    8   70   71   71    8
      1 2027    69   71   67    8   69   71   67    8   69   71   70    8
      2 2027    69   71   67    8   69   71   67    8   69   71   69    8
      3 2027    69   71   67    8   69   71   67    8   69   71   69    8
      4 2027    69   71   67    8   69   71   67    8   69   71   67    8
      5 2027    69   71   67    8   69   71   67    8   69   71   67    8
      6 2027    69   71   67    8   69   71   67    8   69   71   67    8
      7 2027    69   71   67    8   69   71   67    8   69   71   67    8
      8 2027    69   71   67    8   69   72   67    8   69   71   67    8
      9 2027    69   71   67    8   70   75   67    8   69   71   67    8
     10 2027    69   71   67    8   72   79   67    8   69   71   67    8
     11 2027    69   71   67    8   74   83   67    8   69   71   67    8
     12 2027    69   71   67    8   77   86   67    8   69   71   67    8
      1 2028    77   84   67    8  102  117   80   10   69   71   67    8
      2 2028    80   88   68    8  106  124   82   10   69   71   67    8
      3 2028    83   93   69    9  110  130   85   11   69   71   67    8
      4 2028    87   97   72    9  115  135   87   11   69   71   67    8
      5 2028    90  103   73    9  119  141   89   11   70   74   67    8
      6 2028    94  108   74    9  123  146   92   12   72   77   67    8
      7 2028    98  112   77   10  127  153   94   12   74   81   67    8
      8 2028   102  118   79   10  132  158   96   12   77   84   67    8
      9 2028   106  125   82   10  136  164   98   13   80   88   68    8
     10 2028   110  130   84   11  140  169  101   13   83   93   69    9
     11 2028   115  135   86   11  144  173  103   13   87   97   72    9
     12 2028   119  141   89   11  148  179  104   13   90  103   73    9
      1 2029   123  147   91   12  152  185  107   14   94  109   74    9
      2 2029   127  154   93   12  155  189  109   14   98  113   76   10
      3 2029   132  159   95   12  159  193  112   14  102  118   79   10
      4 2029   136  164   98   13  162  198  113   14  106  125   81   10
      5 2029   140  170  100   13  165  201  116   15  110  131   84   11
      6 2029   144  174  102   13  168  206  117   15  115  136   86   11
      7 2029   148  180  103   13  171  209  119   15  119  141   88   11
      8 2029   152  185  106   14  174  212  120   15  123  147   90   12
      9 2029   155  190  109   14  176  214  122   15  127  154   93   12
     10 2029   159  194  111   14  178  217  124   16  132  159   95   12
     11 2029   162  199  112   14  180  220  126   16  136  165   97   13
     12 2029   165  202  115   15  182  222  126   16  140  170   99   13
      1 2030   168  206  116   15  183  223  128   16  144  175  102   13
      2 2030   171  209  118   15  185  223  129   16  148  180  102   13
      3 2030   174  212  119   15  186  224  129   16  152  186  105   14
      4 2030   176  215  121   15  187  226  130   16  155  190  108   14
      5 2030   178  218  123   16  187  227  132   16  159  195  110   14
      6 2030   180  220  125   16  188  227  133   16  162  199  111   14
      7 2030   182  222  125   16  188  227  132   16  165  202  114   15
      8 2030   183  224  127   16  188  225  134   16  168  207  115   15
      9 2030   185  224  128   16  188  226  134   16  171  210  117   15
     10 2030   186  225  128   16  187  225  134   16  174  213  118   15
     11 2030   187  226  129   16  187  223  134   16  176  215  120   15
     12 2030   187  228  131   16  186  222  134   16  178  219  122   16
      1 2031   188  228  132   16  185  220  135   16  180  221  124   16
      2 2031   188  228  131   16  184  217  134   16  182  223  124   16
      3 2031   188  226  133   16  182  217  135   16  183  224  126   16
      4 2031   188  226  133   16  181  214  134   16  185  225  126   16
      5 2031   187  225  133   16  179  211  133   16  186  226  127   16
      6 2031   187  224  133   16  178  208  132   16  187  227  128   16
      7 2031   186  223  134   16  176  205  132   15  187  229  130   16
      8 2031   185  220  134   16  174  203  131   15  188  228  130   16
      9 2031   184  218  133   16  172  199  131   15  188  228  130   16
     10 2031   182  218  134   16  169  196  131   15  188  227  132   16
     11 2031   181  215  133   16  167  193  129   15  188  227  132   16
     12 2031   179  211  132   16  165  189  128   15  187  226  132   16
      1 2032   178  209  131   16  162  186  127   14  187  224  132   16
      2 2032   176  205  131   15  160  183  126   14  186  224  133   16
      3 2032   174  203  130   15  157  178  125   14  185  221  133   16
      4 2032   172  200  130   15  154  175  124   14  184  218  132   16
      5 2032   169  197  130   15  152  172  123   14  182  218  133   16
      6 2032   167  193  128   15  149  167  122   13  181  216  132   16
      7 2032   165  190  128   15  146  164  120   13  179  212  132   16
      8 2032   162  187  126   14  143  161  119   13  178  209  130   16
      9 2032   160  183  126   14  141  156  117   13  176  206  130   15
     10 2032   157  178  124   14  138  153  116   13  174  204  130   15
     11 2032   154  175  123   14  135  150  114   12  172  200  129   15
     12 2032   152  172  123   14  132  145  113   12  169  197  129   15
      1 2033   149  167  121   13  130  141  111   12  167  194  127   15
      2 2033   146  164  120   13  127  138  109   12  165  190  127   15
      3 2033   143  161  119   13  124  135  108   12  162  187  126   14
      4 2033   141  156  117   13  122  130  106   12  160  183  125   14
      5 2033   138  153  115   13  119  127  106   11  157  179  124   14
      6 2033   135  150  114   12  116  124  105   11  154  176  123   14
      7 2033   132  145  113   12  114  120  103   11  152  172  122   14
      8 2033   130  142  110   12  111  119  102   11  149  168  121   13
      9 2033   127  139  109   12  109  115  100   11  146  165  120   13
     10 2033   124  136  108   12  107  112   98   10  143  162  118   13
     11 2033   122  130  106   12  104  110   97   10  141  156  116   13
     12 2033   119  127  106   11  102  107   96   10  138  153  115   13
      1 2034   116  124  105   11  100  105   94   10  135  150  114   12
      2 2034   114  121  103   11   98  101   92   10  132  146  112   12
      3 2034   111  119  102   11   96   99   90   10  130  142  110   12
      4 2034   109  116  100   11   94   97   90    9  127  139  109   12
      5 2034   107  112   98   10   92   95   88    9  124  136  108   12
      6 2034   104  111   96   10   90   93   88    9  122  130  106   12
      7 2034   102  107   96   10   88   91   86    9  119  127  106   11
      8 2034   100  105   94   10   87   88   85    9  116  124  105   11
      9 2034    98  101   92   10   85   86   83    9  114  121  103   11
     10 2034    96   99   90   10   84   85   82    9  111  119  102   11
     11 2034    94   97   90    9   82   83   82    9  109  116  100   11
     12 2034    92   95   88    9   81   82   81    8  107  112   98   10
      1 2035    90   93   88    9   79   80   79    8  104  111   96   10
      2 2035    88   91   86    9   78   79   78    8  102  107   96   10
      3 2035    87   88   85    9   77   78   77    8  100  105   94   10
      4 2035    85   86   83    9   76   76   76    8   98  101   92   10
      5 2035    84   85   82    9   75   75   75    8   96   99   90   10
      6 2035    82   83   82    9   74   74   74    8   94   97   90    9
      7 2035    81   82   81    8   73   73   73    8   92   95   88    9
      8 2035    79   80   79    8   72   72   72    8   90   93   88    9
      9 2035    78   79   78    8   71   71   71    8   88   91   86    9
     10 2035    77   78   77    8   70   71   71    8   87   88   85    9
     11 2035    76   76   76    8   69   71   70    8   85   86   83    9
     12 2035    75   75   75    8   69   71   69    8   84   85   82    9
      1 2036    74   74   74    8   69   71   69    8   82   83   82    9
      2 2036    73   73   73    8   69   71   67    8   81   82   81    8
      3 2036    72   72   72    8   69   71   67    8   79   80   79    8
      4 2036    71   71   71    8   69   71   67    8   78   79   78    8
      5 2036    70   71   71    8   69   71   67    8   77   78   77    8
      6 2036    69   71   70    8   69   71   67    8   76   76   76    8
      7 2036    69   71   69    8   69   71   67    8   75   75   75    8
      8 2036    69   71   69    8   69   71   67    8   74   74   74    8
      9 2036    69   71   67    8   69   71   67    8   73   73   73    8
     10 2036    69   71   67    8   69   71   67    8   72   72   72    8
     11 2036    69   71   67    8   69   71   67    8   71   71   71    8
     12 2036    69   71   67    8   69   71   67    8   70   71   71    8
      1 2037    69   71   67    8   69   71   67    8   69   71   70    8
      2 2037    69   71   67    8   69   71   67    8   69   71   69    8
      3 2037    69   71   67    8   69   71   67    8   69   71   69    8
      4 2037    69   71   67    8   69   71   67    8   69   71   67    8
      5 2037    69   71   67    8   69   71   67    8   69   71   67    8
      6 2037    69   71   67    8   69   71   67    8   69   71   67    8
      7 2037    69   71   67    8   69   71   67    8   69   71   67    8
      8 2037    69   71   67    8   69   72   67    8   69   71   67    8
      9 2037    69   71   67    8   70   75   67    8   69   71   67    8
     10 2037    69   71   67    8   72   79   67    8   69   71   67    8
     11 2037    69   71   67    8   74   83   67    8   69   71   67    8
     12 2037    69   71   67    8   77   86   67    8   69   71   67    8
      1 2038    77   84   67    8  102  117   80   10   69   71   67    8
      2 2038    80   88   68    8  106  124   82   10   69   71   67    8
      3 2038    83   93   69    9  110  130   85   11   69   71   67    8
      4 2038    87   97   72    9  115  135   87   11   69   71   67    8
      5 2038    90  103   73    9  119  141   89   11   70   74   67    8
      6 2038    94  108   74    9  123  146   92   12   72   77   67    8
      7 2038    98  112   77   10  127  153   94   12   74   81   67    8
      8 2038   102  118   79   10  132  158   96   12   77   84   67    8
      9 2038   106  125   82   10  136  164   98   13   80   88   68    8
     10 2038   110  130   84   11  140  169  101   13   83   93   69    9
     11 2038   115  135   86   11  144  173  103   13   87   97   72    9
     12 2038   119  141   89   11  148  179  104   13   90  103   73    9
      1 2039   123  147   91   12  152  185  107   14   94  109   74    9
      2 2039   127  154   93   12  155  189  109   14   98  113   76   10
      3 2039   132  159   95   12  159  193  112   14  102  118   79   10
      4 2039   136  164   98   13  162  198  113   14  106  125   81   10
      5 2039   140  170  100   13  165  201  116   15  110  131   84   11
      6 2039   144  174  102   13  168  206  117   15  115  136   86   11
      7 2039   148  180  103   13  171  209  119   15  119  141   88   11
      8 2039   152  185  106   14  174  212  120   15  123  147   90   12
      9 2039   155  190  109   14  176  214  122   15  127  154   93   12
     10 2039   159  194  111   14  178  217  124   16  132  159   95   12
     11 2039   162  199  112   14  180  220  126   16  136  165   97   13
     12 2039   165  202  115   15  182  222  126   16  140  170   99   13
      1 2040   168  206  116   15  183  223  128   16  144  175  102   13
      2 2040   171  209  118   15  185  223  129   16  148  180  102   13
      3 2040   174  212  119   15  186  224  129   16  152  186  105   14
      4 2040   176  215  121   15  187  226  130   16  155  190  108   14
      5 2040   178  218  123   16  187  227  132   16  159  195  110   14
      6 2040   180  220  125   16  188  227  133   16  162  199  111   14
      7 2040   182  222  125   16  188  227  132   16  165  202  114   15
      8 2040   183  224  127   16  188  225  134   16  168  207  115   15
      9 2040   185  224  128   16  188  226  134   16  171  210  117   15
     10 2040   186  225  128   16  187  225  134   16  174  213  118   15
     11 2040   187  226  129   16  187  223  134   16  176  215  120   15
     12 2040   187  228  131   16  186  222  134   16  178  219  122   16
      1 2041   188  228  132   16  185  220  135   16  180  221  124   16
      2 2041   188  228  131   16  184  217  134   16  182  223  124   16
      3 2041   188  226  133   16  182  217  135   16  183  224  126   16
      4 2041   188  226  133   16  181  214  134   16  185  225  126   16
      5 2041   187  225  133   16  179  211  133   16  186  226  127   16
      6 2041   187  224  133   16  178  208  132   16  187  227  128   16
      7 2041   186  223  134   16  176  205  132   15  187  229  130   16
      8 2041   185  220  134   16  174  203  131   15  188  228  130   16
      9 2041   184  218  133   16  172  199  131   15  188  228  130   16
     10 2041   182  218  134   16  169  196  131   15  188  227  132   16
     11 2041   181  215  133   16  167  193  129   15  188  227  132   16
     12 2041   179  211  132   16  165  189  128   15  187  226  132   16
      1 2042   178  209  131   16  162  186  127   14  187  224  132   16
      2 2042   176  205  131   15  160  183  126   14  186  224  133   16
      3 2042   174  203  130   15  157  178  125   14  185  221  133   16
      4 2042   172  200  130   15  154  175  124   14  184  218  132   16
      5 2042   169  197  130   15  152  172  123   14  182  218  133   16
      6 2042   167  193  128   15  149  167  122   13  181  216  132   16
      7 2042   165  190  128   15  146  164  120   13  179  212  132   16
      8 2042   162  187  126   14  143  161  119   13  178  209  130   16
      9 2042   160  183  126   14  141  156  117   13  176  206  130   15
     10 2042   157  178  124   14  138  153  116   13  174  204  130   15
     11 2042   154  175  123   14  135  150  114   12  172  200  129   15
     12 2042   152  172  123   14  132  145  113   12  169  197  129   15
      1 2043   149  167  121   13  130  141  111   12  167  194  127   15
      2 2043   146  164  120   13  127  138  109   12  165  190  127   15
      3 2043   143  161  119   13  124  135  108   12  162  187  126   14
      4 2043   141  156  117   13  122  130  106   12  160  183  125   14
      5 2043   138  153  115   13  119  127  106   11  157  179  124   14
      6 2043   135  150  114   12  116  124  105   11  154  176  123   14
      7 2043   132  145  113   12  114  120  103   11  152  172  122   14
      8 2043   130  142  110   12  111  119  102   11  149  168  121   13
      9 2043   127  139  109   12  109  115  100   11  146  165  120   13
     10 2043   124  136  108   12  107  112   98   10  143  162  118   13
     11 2043   122  130  106   12  104  110   97   10  141  156  116   13
     12 2043   119  127  106   11  102  107   96   10  138  153  115   13
      1 2044   116  124  105   11  100  105   94   10  135  150  114   12
      2 2044   114  121  103   11   98  101   92   10  132  146  112   12
      3 2044   111  119  102   11   96   99   90   10  130  142  110   12
      4 2044   109  116  100   11   94   97   90    9  127  139  109   12
      5 2044   107  112   98   10   92   95   88    9  124  136  108   12
      6 2044   104  111   96   10   90   93   88    9  122  130  106   12
      7 2044   102  107   96   10   88   91   86    9  119  127  106   11
      8 2044   100  105   94   10   87   88   85    9  116  124  105   11
      9 2044    98  101   92   10   85   86   83    9  114  121  103   11
     10 2044    96   99   90   10   84   85   82    9  111  119  102   11
     11 2044    94   97   90    9   82   83   82    9  109  116  100   11
     12 2044    92   95   88    9   81   82   81    8  107  112   98   10
      1 2045    90   93   88    9   79   80   79    8  104  111   96   10
      2 2045    88   91   86    9   78   79   78    8  102  107   96   10
      3 2045    87   88   85    9   77   78   77    8  100  105   94   10
      4 2045    85   86   83    9   76   76   76    8   98  101   92   10
      5 2045    84   85   82    9   75   75   75    8   96   99   90   10
      6 2045    82   83   82    9   74   74   74    8   94   97   90    9
      7 2045    81   82   81    8   73   73   73    8   92   95   88    9
      8 2045    79   80   79    8   72   72   72    8   90   93   88    9
      9 2045    78   79   78    8   71   71   71    8   88   91   86    9
     10 2045    77   78   77    8   70   71   71    8   87   88   85    9
     11 2045    76   76   76    8   69   71   70    8   85   86   83    9
     12 2045    75   75   75    8   69   71   69    8   84   85   82    9
      1 2046    74   74   74    8   69   71   69    8   82   83   82    9
      2 2046    73   73   73    8   69   71   67    8   81   82   81    8
      3 2046    72   72   72    8   69   71   67    8   79   80   79    8
      4 2046    71   71   71    8   69   71   67    8   78   79   78    8
      5 2046    70   71   71    8   69   71   67    8   77   78   77    8
      6 2046    69   71   70    8   69   71   67    8   76   76   76    8
      7 2046    69   71   69    8   69   71   67    8   75   75   75    8
      8 2046    69   71   69    8   69   71   67    8   74   74   74    8
      9 2046    69   71   67    8   69   71   67    8   73   73   73    8
     10 2046    69   71   67    8   69   71   67    8   72   72   72    8
     11 2046    69   71   67    8   69   71   67    8   71   71   71    8
     12 2046    69   71   67    8   69   71   67    8   70   71   71    8
      1 2047    69   71   67    8   69   71   67    8   69   71   70    8
      2 2047    69   71   67    8   69   71   67    8   69   71   69    8
      3 2047    69   71   67    8   69   71   67    8   69   71   69    8
      4 2047    69   71   67    8   69   71   67    8   69   71   67    8
      5 2047    69   71   67    8   69   71   67    8   69   71   67    8
      6 2047    69   71   67    8   69   71   67    8   69   71   67    8
      7 2047    69   71   67    8   69   71   67    8   69   71   67    8
      8 2047    69   71   67    8   69   72   67    8   69   71   67    8
      9 2047    69   71   67    8   70   75   67    8   69   71   67    8
     10 2047    69   71   67    8   72   79   67    8   69   71   67    8
     11 2047    69   71   67    8   74   83   67    8   69   71   67    8
     12 2047    69   71   67    8   77   86   67    8   69   71   67    8
      1 2048    77   84   67    8  102  117   80   10   69   71   67    8
      2 2048    80   88   68    8  106  124   82   10   69   71   67    8
      3 2048    83   93   69    9  110  130   85   11   69   71   67    8
      4 2048    87   97   72    9  115  135   87   11   69   71   67    8
      5 2048    90  103   73    9  119  141   89   11   70   74   67    8
      6 2048    94  108   74    9  123  146   92   12   72   77   67    8
      7 2048    98  112   77   10  127  153   94   12   74   81   67    8
      8 2048   102  118   79   10  132  158   96   12   77   84   67    8
      9 2048   106  125   82   10  136  164   98   13   80   88   68    8
     10 2048   110  130   84   11  140  169  101   13   83   93   69    9
     11 2048   115  135   86   11  144  173  103   13   87   97   72    9
     12 2048   119  141   89   11  148  179  104   13   90  103   73    9
      1 2049   123  147   91   12  152  185  107   14   94  109   74    9
      2 2049   127  154   93   12  155  189  109   14   98  113   76   10
      3 2049   132  159   95   12  159  193  112   14  102  118   79   10
      4 2049   136  164   98   13  162  198  113   14  106  125   81   10
      5 2049   140  170  100   13  165  201  116   15  110  131   84   11
      6 2049   144  174  102   13  168  206  117   15  115  136   86   11
      7 2049   148  180  103   13  171  209  119   15  119  141   88   11
      8 2049   152  185  106   14  174  212  120   15  123  147   90   12
      9 2049   155  190  109   14  176  214  122   15  127  154   93   12
     10 2049   159  194  111   14  178  217  124   16  132  159   95   12
     11 2049   162  199  112   14  180  220  126   16  136  165   97   13
     12 2049   165  202  115   15  182  222  126   16  140  170   99   13
      1 2050   168  206  116   15  183  223  128   16  144  175  102   13
      2 2050   171  209  118   15  185  223  129   16  148  180  102   13
      3 2050   174  212  119   15  186  224  129   16  152  186  105   14
      4 2050   176  215  121   15  187  226  130   16  155  190  108   14
      5 2050   178  218  123   16  187  227  132   16  159  195  110   14
      6 2050   180  220  125   16  188  227  133   16  162  199  111   14
      7 2050   182  222  125   16  188  227  132   16  165  202  114   15
      8 2050   183  224  127   16  188  225  134   16  168  207  115   15
      9 2050   185  224  128   16  188  226  134   16  171  210  117   15
     10 2050   186  225  128   16  187  225  134   16  174  213  118   15
     11 2050   187  226  129   16  187  223  134   16  176  215  120   15
     12 2050   187  228  131   16  186  222  134   16  178  219  122   16
      1 2051   188  228  132   16  185  220  135   16  180  221  124   16
      2 2051   188  228  131   16  184  217  134   16  182  223  124   16
      3 2011   188  226  133   16  182  217  135   16  183  224  126   16
      4 2051   188  226  133   16  181  214  134   16  185  225  126   16
      5 2051   187  225  133   16  179  211  133   16  186  226  127   16
      6 2051   187  224  133   16  178  208  132   16  187  227  128   16
      7 2051   186  223  134   16  176  205  132   15  187  229  130   16
      8 2051   185  220  134   16  174  203  131   15  188  228  130   16
      9 2051   184  218  133   16  172  199  131   15  188  228  130   16
     10 2051   182  218  134   16  169  196  131   15  188  227  132   16
     11 2051   181  215  133   16  167  193  129   15  188  227  132   16
     12 2051   179  211  132   16  165  189  128   15  187  226  132   16
      1 2052   178  209  131   16  162  186  127   14  187  224  132   16
      2 2052   176  205  131   15  160  183  126   14  186  224  133   16
      3 2052   174  203  130   15  157  178  125   14  185  221  133   16
      4 2052   172  200  130   15  154  175  124   14  184  218  132   16
      5 2052   169  197  130   15  152  172  123   14  182  218  133   16
      6 2052   167  193  128   15  149  167  122   13  181  216  132   16
      7 2052   165  190  128   15  146  164  120   13  179  212  132   16
      8 2052   162  187  126   14  143  161  119   13  178  209  130   16
      9 2052   160  183  126   14  141  156  117   13  176  206  130   15
     10 2052   157  178  124   14  138  153  116   13  174  204  130   15
     11 2052   154  175  123   14  135  150  114   12  172  200  129   15
     12 2052   152  172  123   14  132  145  113   12  169  197  129   15
      1 2053   149  167  121   13  130  141  111   12  167  194  127   15
      2 2053   146  164  120   13  127  138  109   12  165  190  127   15
      3 2053   143  161  119   13  124  135  108   12  162  187  126   14
      4 2053   141  156  117   13  122  130  106   12  160  183  125   14
      5 2053   138  153  115   13  119  127  106   11  157  179  124   14
      6 2053   135  150  114   12  116  124  105   11  154  176  123   14
      7 2053   132  145  113   12  114  120  103   11  152  172  122   14
      8 2053   130  142  110   12  111  119  102   11  149  168  121   13
      9 2053   127  139  109   12  109  115  100   11  146  165  120   13
     10 2053   124  136  108   12  107  112   98   10  143  162  118   13
     11 2053   122  130  106   12  104  110   97   10  141  156  116   13
     12 2053   119  127  106   11  102  107   96   10  138  153  115   13
      1 2054   116  124  105   11  100  105   94   10  135  150  114   12
      2 2054   114  121  103   11   98  101   92   10  132  146  112   12
      3 2054   111  119  102   11   96   99   90   10  130  142  110   12
      4 2054   109  116  100   11   94   97   90    9  127  139  109   12
      5 2054   107  112   98   10   92   95   88    9  124  136  108   12
      6 2054   104  111   96   10   90   93   88    9  122  130  106   12
      7 2054   102  107   96   10   88   91   86    9  119  127  106   11
      8 2054   100  105   94   10   87   88   85    9  116  124  105   11
      9 2054    98  101   92   10   85   86   83    9  114  121  103   11
     10 2054    96   99   90   10   84   85   82    9  111  119  102   11
     11 2054    94   97   90    9   82   83   82    9  109  116  100   11
     12 2054    92   95   88    9   81   82   81    8  107  112   98   10
      1 2055    90   93   88    9   79   80   79    8  104  111   96   10
      2 2055    88   91   86    9   78   79   78    8  102  107   96   10
      3 2055    87   88   85    9   77   78   77    8  100  105   94   10
      4 2055    85   86   83    9   76   76   76    8   98  101   92   10
      5 2055    84   85   82    9   75   75   75    8   96   99   90   10
      6 2055    82   83   82    9   74   74   74    8   94   97   90    9
      7 2055    81   82   81    8   73   73   73    8   92   95   88    9
      8 2055    79   80   79    8   72   72   72    8   90   93   88    9
      9 2055    78   79   78    8   71   71   71    8   88   91   86    9
     10 2055    77   78   77    8   70   71   71    8   87   88   85    9
     11 2055    76   76   76    8   69   71   70    8   85   86   83    9
     12 2055    75   75   75    8   69   71   69    8   84   85   82    9
      1 2056    74   74   74    8   69   71   69    8   82   83   82    9
      2 2056    73   73   73    8   69   71   67    8   81   82   81    8
      3 2056    72   72   72    8   69   71   67    8   79   80   79    8
      4 2056    71   71   71    8   69   71   67    8   78   79   78    8
      5 2056    70   71   71    8   69   71   67    8   77   78   77    8
      6 2056    69   71   70    8   69   71   67    8   76   76   76    8
      7 2056    69   71   69    8   69   71   67    8   75   75   75    8
      8 2056    69   71   69    8   69   71   67    8   74   74   74    8
      9 2056    69   71   67    8   69   71   67    8   73   73   73    8
     10 2056    69   71   67    8   69   71   67    8   72   72   72    8
     11 2056    69   71   67    8   69   71   67    8   71   71   71    8
     12 2056    69   71   67    8   69   71   67    8   70   71   71    8
      1 2057    69   71   67    8   69   71   67    8   69   71   70    8
      2 2057    69   71   67    8   69   71   67    8   69   71   69    8
      3 2057    69   71   67    8   69   71   67    8   69   71   69    8
      4 2057    69   71   67    8   69   71   67    8   69   71   67    8
      5 2057    69   71   67    8   69   71   67    8   69   71   67    8
      6 2057    69   71   67    8   69   71   67    8   69   71   67    8
      7 2057    69   71   67    8   69   71   67    8   69   71   67    8
      8 2057    69   71   67    8   69   72   67    8   69   71   67    8
      9 2057    69   71   67    8   70   75   67    8   69   71   67    8
     10 2057    69   71   67    8   72   79   67    8   69   71   67    8
     11 2057    69   71   67    8   74   83   67    8   69   71   67    8
     12 2057    69   71   67    8   77   86   67    8   69   71   67    8
      1 2058    77   84   67    8  102  117   80   10   69   71   67    8
      2 2058    80   88   68    8  106  124   82   10   69   71   67    8
      3 2058    83   93   69    9  110  130   85   11   69   71   67    8
      4 2058    87   97   72    9  115  135   87   11   69   71   67    8
      5 2058    90  103   73    9  119  141   89   11   70   74   67    8
      6 2058    94  108   74    9  123  146   92   12   72   77   67    8
      7 2058    98  112   77   10  127  153   94   12   74   81   67    8
      8 2058   102  118   79   10  132  158   96   12   77   84   67    8
      9 2058   106  125   82   10  136  164   98   13   80   88   68    8
     10 2058   110  130   84   11  140  169  101   13   83   93   69    9
     11 2058   115  135   86   11  144  173  103   13   87   97   72    9
     12 2058   119  141   89   11  148  179  104   13   90  103   73    9
      1 2059   123  147   91   12  152  185  107   14   94  109   74    9
      2 2059   127  154   93   12  155  189  109   14   98  113   76   10
      3 2059   132  159   95   12  159  193  112   14  102  118   79   10
      4 2059   136  164   98   13  162  198  113   14  106  125   81   10
      5 2059   140  170  100   13  165  201  116   15  110  131   84   11
      6 2059   144  174  102   13  168  206  117   15  115  136   86   11
      7 2059   148  180  103   13  171  209  119   15  119  141   88   11
      8 2059   152  185  106   14  174  212  120   15  123  147   90   12
      9 2059   155  190  109   14  176  214  122   15  127  154   93   12
     10 2059   159  194  111   14  178  217  124   16  132  159   95   12
     11 2059   162  199  112   14  180  220  126   16  136  165   97   13
     12 2059   165  202  115   15  182  222  126   16  140  170   99   13
      1 2060   168  206  116   15  183  223  128   16  144  175  102   13
      2 2060   171  209  118   15  185  223  129   16  148  180  102   13
      3 2060   174  212  119   15  186  224  129   16  152  186  105   14
      4 2060   176  215  121   15  187  226  130   16  155  190  108   14
      5 2060   178  218  123   16  187  227  132   16  159  195  110   14
      6 2060   180  220  125   16  188  227  133   16  162  199  111   14
      7 2060   182  222  125   16  188  227  132   16  165  202  114   15
      8 2060   183  224  127   16  188  225  134   16  168  207  115   15
      9 2060   185  224  128   16  188  226  134   16  171  210  117   15
     10 2060   186  225  128   16  187  225  134   16  174  213  118   15
     11 2060   187  226  129   16  187  223  134   16  176  215  120   15
     12 2060   187  228  131   16  186  222  134   16  178  219  122   16
      1 2061   188  228  132   16  185  220  135   16  180  221  124   16
      2 2061   188  228  131   16  184  217  134   16  182  223  124   16
      3 2061   188  226  133   16  182  217  135   16  183  224  126   16
      4 2061   188  226  133   16  181  214  134   16  185  225  126   16
      5 2061   187  225  133   16  179  211  133   16  186  226  127   16
      6 2061   187  224  133   16  178  208  132   16  187  227  128   16
      7 2061   186  223  134   16  176  205  132   15  187  229  130   16
      8 2061   185  220  134   16  174  203  131   15  188  228  130   16
      9 2061   184  218  133   16  172  199  131   15  188  228  130   16
     10 2061   182  218  134   16  169  196  131   15  188  227  132   16
     11 2061   181  215  133   16  167  193  129   15  188  227  132   16
     12 2061   179  211  132   16  165  189  128   15  187  226  132   16
      1 2062   178  209  131   16  162  186  127   14  187  224  132   16
      2 2062   176  205  131   15  160  183  126   14  186  224  133   16
      3 2062   174  203  130   15  157  178  125   14  185  221  133   16
      4 2062   172  200  130   15  154  175  124   14  184  218  132   16
      5 2062   169  197  130   15  152  172  123   14  182  218  133   16
      6 2062   167  193  128   15  149  167  122   13  181  216  132   16
      7 2062   165  190  128   15  146  164  120   13  179  212  132   16
      8 2062   162  187  126   14  143  161  119   13  178  209  130   16
      9 2062   160  183  126   14  141  156  117   13  176  206  130   15
     10 2062   157  178  124   14  138  153  116   13  174  204  130   15
     11 2062   154  175  123   14  135  150  114   12  172  200  129   15
     12 2062   152  172  123   14  132  145  113   12  169  197  129   15
      1 2063   149  167  121   13  130  141  111   12  167  194  127   15
      2 2063   146  164  120   13  127  138  109   12  165  190  127   15
      3 2063   143  161  119   13  124  135  108   12  162  187  126   14
      4 2063   141  156  117   13  122  130  106   12  160  183  125   14
      5 2063   138  153  115   13  119  127  106   11  157  179  124   14
      6 2063   135  150  114   12  116  124  105   11  154  176  123   14
      7 2063   132  145  113   12  114  120  103   11  152  172  122   14
      8 2063   130  142  110   12  111  119  102   11  149  168  121   13
      9 2063   127  139  109   12  109  115  100   11  146  165  120   13
     10 2063   124  136  108   12  107  112   98   10  143  162  118   13
     11 2063   122  130  106   12  104  110   97   10  141  156  116   13
     12 2063   119  127  106   11  102  107   96   10  138  153  115   13
      1 2064   116  124  105   11  100  105   94   10  135  150  114   12
      2 2064   114  121  103   11   98  101   92   10  132  146  112   12
      3 2064   111  119  102   11   96   99   90   10  130  142  110   12
      4 2064   109  116  100   11   94   97   90    9  127  139  109   12
      5 2064   107  112   98   10   92   95   88    9  124  136  108   12
      6 2064   104  111   96   10   90   93   88    9  122  130  106   12
      7 2064   102  107   96   10   88   91   86    9  119  127  106   11
      8 2064   100  105   94   10   87   88   85    9  116  124  105   11
      9 2064    98  101   92   10   85   86   83    9  114  121  103   11
     10 2064    96   99   90   10   84   85   82    9  111  119  102   11
     11 2064    94   97   90    9   82   83   82    9  109  116  100   11
     12 2064    92   95   88    9   81   82   81    8  107  112   98   10
      1 2065    90   93   88    9   79   80   79    8  104  111   96   10
      2 2065    88   91   86    9   78   79   78    8  102  107   96   10
      3 2065    87   88   85    9   77   78   77    8  100  105   94   10
      4 2065    85   86   83    9   76   76   76    8   98  101   92   10
      5 2065    84   85   82    9   75   75   75    8   96   99   90   10
      6 2065    82   83   82    9   74   74   74    8   94   97   90    9
      7 2065    81   82   81    8   73   73   73    8   92   95   88    9
      8 2065    79   80   79    8   72   72   72    8   90   93   88    9
      9 2065    78   79   78    8   71   71   71    8   88   91   86    9
     10 2065    77   78   77    8   70   71   71    8   87   88   85    9
     11 2065    76   76   76    8   69   71   70    8   85   86   83    9
     12 2065    75   75   75    8   69   71   69    8   84   85   82    9
      1 2066    74   74   74    8   69   71   69    8   82   83   82    9
      2 2066    73   73   73    8   69   71   67    8   81   82   81    8
      3 2066    72   72   72    8   69   71   67    8   79   80   79    8
      4 2066    71   71   71    8   69   71   67    8   78   79   78    8
      5 2066    70   71   71    8   69   71   67    8   77   78   77    8
      6 2066    69   71   70    8   69   71   67    8   76   76   76    8
      7 2066    69   71   69    8   69   71   67    8   75   75   75    8
      8 2066    69   71   69    8   69   71   67    8   74   74   74    8
      9 2066    69   71   67    8   69   71   67    8   73   73   73    8
     10 2066    69   71   67    8   69   71   67    8   72   72   72    8
     11 2066    69   71   67    8   69   71   67    8   71   71   71    8
     12 2066    69   71   67    8   69   71   67    8   70   71   71    8
      1 2067    69   71   67    8   69   71   67    8   69   71   70    8
      2 2067    69   71   67    8   69   71   67    8   69   71   69    8
      3 2067    69   71   67    8   69   71   67    8   69   71   69    8
      4 2067    69   71   67    8   69   71   67    8   69   71   67    8
      5 2067    69   71   67    8   69   71   67    8   69   71   67    8
      6 2067    69   71   67    8   69   71   67    8   69   71   67    8
      7 2067    69   71   67    8   69   71   67    8   69   71   67    8
      8 2067    69   71   67    8   69   72   67    8   69   71   67    8
      9 2067    69   71   67    8   70   75   67    8   69   71   67    8
     10 2067    69   71   67    8   72   79   67    8   69   71   67    8
     11 2067    69   71   67    8   74   83   67    8   69   71   67    8
     12 2067    69   71   67    8   77   86   67    8   69   71   67    8
      1 2068    77   84   67    8  102  117   80   10   69   71   67    8
      2 2068    80   88   68    8  106  124   82   10   69   71   67    8
      3 2068    83   93   69    9  110  130   85   11   69   71   67    8
      4 2068    87   97   72    9  115  135   87   11   69   71   67    8
      5 2068    90  103   73    9  119  141   89   11   70   74   67    8
      6 2068    94  108   74    9  123  146   92   12   72   77   67    8
      7 2068    98  112   77   10  127  153   94   12   74   81   67    8
      8 2068   102  118   79   10  132  158   96   12   77   84   67    8
      9 2068   106  125   82   10  136  164   98   13   80   88   68    8
     10 2068   110  130   84   11  140  169  101   13   83   93   69    9
     11 2068   115  135   86   11  144  173  103   13   87   97   72    9
     12 2068   119  141   89   11  148  179  104   13   90  103   73    9
      1 2069   123  147   91   12  152  185  107   14   94  109   74    9
      2 2069   127  154   93   12  155  189  109   14   98  113   76   10
      3 2069   132  159   95   12  159  193  112   14  102  118   79   10
      4 2069   136  164   98   13  162  198  113   14  106  125   81   10
      5 2069   140  170  100   13  165  201  116   15  110  131   84   11
      6 2069   144  174  102   13  168  206  117   15  115  136   86   11
      7 2069   148  180  103   13  171  209  119   15  119  141   88   11
      8 2069   152  185  106   14  174  212  120   15  123  147   90   12
      9 2069   155  190  109   14  176  214  122   15  127  154   93   12
     10 2069   159  194  111   14  178  217  124   16  132  159   95   12
     11 2069   162  199  112   14  180  220  126   16  136  165   97   13
     12 2069   165  202  115   15  182  222  126   16  140  170   99   13
      1 2070   168  206  116   15  183  223  128   16  144  175  102   13
      2 2070   171  209  118   15  185  223  129   16  148  180  102   13
      3 2070   174  212  119   15  186  224  129   16  152  186  105   14
      4 2070   176  215  121   15  187  226  130   16  155  190  108   14
      5 2070   178  218  123   16  187  227  132   16  159  195  110   14
      6 2070   180  220  125   16  188  227  133   16  162  199  111   14
      7 2070   182  222  125   16  188  227  132   16  165  202  114   15
      8 2070   183  224  127   16  188  225  134   16  168  207  115   15
      9 2070   185  224  128   16  188  226  134   16  171  210  117   15
     10 2070   186  225  128   16  187  225  134   16  174  213  118   15
     11 2070   187  226  129   16  187  223  134   16  176  215  120   15
     12 2070   187  228  131   16  186  222  134   16  178  219  122   16
      1 2071   188  228  132   16  185  220  135   16  180  221  124   16
      2 2071   188  228  131   16  184  217  134   16  182  223  124   16
      3 2071   188  226  133   16  182  217  135   16  183  224  126   16
      4 2071   188  226  133   16  181  214  134   16  185  225  126   16
      5 2071   187  225  133   16  179  211  133   16  186  226  127   16
      6 2071   187  224  133   16  178  208  132   16  187  227  128   16
      7 2071   186  223  134   16  176  205  132   15  187  229  130   16
      8 2071   185  220  134   16  174  203  131   15  188  228  130   16
      9 2071   184  218  133   16  172  199  131   15  188  228  130   16
     10 2071   182  218  134   16  169  196  131   15  188  227  132   16
     11 2071   181  215  133   16  167  193  129   15  188  227  132   16
     12 2071   179  211  132   16  165  189  128   15  187  226  132   16
      1 2072   178  209  131   16  162  186  127   14  187  224  132   16
      2 2072   176  205  131   15  160  183  126   14  186  224  133   16
      3 2072   174  203  130   15  157  178  125   14  185  221  133   16
      4 2072   172  200  130   15  154  175  124   14  184  218  132   16
      5 2072   169  197  130   15  152  172  123   14  182  218  133   16
      6 2072   167  193  128   15  149  167  122   13  181  216  132   16
      7 2072   165  190  128   15  146  164  120   13  179  212  132   16
      8 2072   162  187  126   14  143  161  119   13  178  209  130   16
      9 2072   160  183  126   14  141  156  117   13  176  206  130   15
     10 2072   157  178  124   14  138  153  116   13  174  204  130   15
     11 2072   154  175  123   14  135  150  114   12  172  200  129   15
     12 2072   152  172  123   14  132  145  113   12  169  197  129   15
      1 2073   149  167  121   13  130  141  111   12  167  194  127   15
      2 2073   146  164  120   13  127  138  109   12  165  190  127   15
      3 2073   143  161  119   13  124  135  108   12  162  187  126   14
      4 2073   141  156  117   13  122  130  106   12  160  183  125   14
      5 2073   138  153  115   13  119  127  106   11  157  179  124   14
      6 2073   135  150  114   12  116  124  105   11  154  176  123   14
      7 2073   132  145  113   12  114  120  103   11  152  172  122   14
      8 2073   130  142  110   12  111  119  102   11  149  168  121   13
      9 2073   127  139  109   12  109  115  100   11  146  165  120   13
     10 2073   124  136  108   12  107  112   98   10  143  162  118   13
     11 2073   122  130  106   12  104  110   97   10  141  156  116   13
     12 2073   119  127  106   11  102  107   96   10  138  153  115   13
      1 2074   116  124  105   11  100  105   94   10  135  150  114   12
      2 2074   114  121  103   11   98  101   92   10  132  146  112   12
      3 2074   111  119  102   11   96   99   90   10  130  142  110   12
      4 2074   109  116  100   11   94   97   90    9  127  139  109   12
      5 2074   107  112   98   10   92   95   88    9  124  136  108   12
      6 2074   104  111   96   10   90   93   88    9  122  130  106   12
      7 2074   102  107   96   10   88   91   86    9  119  127  106   11
      8 2074   100  105   94   10   87   88   85    9  116  124  105   11
      9 2074    98  101   92   10   85   86   83    9  114  121  103   11
     10 2074    96   99   90   10   84   85   82    9  111  119  102   11
     11 2074    94   97   90    9   82   83   82    9  109  116  100   11
     12 2074    92   95   88    9   81   82   81    8  107  112   98   10
      1 2075    90   93   88    9   79   80   79    8  104  111   96   10
      2 2075    88   91   86    9   78   79   78    8  102  107   96   10
      3 2075    87   88   85    9   77   78   77    8  100  105   94   10
      4 2075    85   86   83    9   76   76   76    8   98  101   92   10
      5 2075    84   85   82    9   75   75   75    8   96   99   90   10
      6 2075    82   83   82    9   74   74   74    8   94   97   90    9
      7 2075    81   82   81    8   73   73   73    8   92   95   88    9
      8 2075    79   80   79    8   72   72   72    8   90   93   88    9
      9 2075    78   79   78    8   71   71   71    8   88   91   86    9
     10 2075    77   78   77    8   70   71   71    8   87   88   85    9
     11 2075    76   76   76    8   69   71   70    8   85   86   83    9
     12 2075    75   75   75    8   69   71   69    8   84   85   82    9
      1 2076    74   74   74    8   69   71   69    8   82   83   82    9
      2 2076    73   73   73    8   69   71   67    8   81   82   81    8
      3 2076    72   72   72    8   69   71   67    8   79   80   79    8
      4 2076    71   71   71    8   69   71   67    8   78   79   78    8
      5 2076    70   71   71    8   69   71   67    8   77   78   77    8
      6 2076    69   71   70    8   69   71   67    8   76   76   76    8
      7 2076    69   71   69    8   69   71   67    8   75   75   75    8
      8 2076    69   71   69    8   69   71   67    8   74   74   74    8
      9 2076    69   71   67    8   69   71   67    8   73   73   73    8
     10 2076    69   71   67    8   69   71   67    8   72   72   72    8
     11 2076    69   71   67    8   69   71   67    8   71   71   71    8
     12 2076    69   71   67    8   69   71   67    8   70   71   71    8
      1 2077    69   71   67    8   69   71   67    8   69   71   70    8
      2 2077    69   71   67    8   69   71   67    8   69   71   69    8
      3 2077    69   71   67    8   69   71   67    8   69   71   69    8
      4 2077    69   71   67    8   69   71   67    8   69   71   67    8
      5 2077    69   71   67    8   69   71   67    8   69   71   67    8
      6 2077    69   71   67    8   69   71   67    8   69   71   67    8
      7 2077    69   71   67    8   69   71   67    8   69   71   67    8
      8 2077    69   71   67    8   69   72   67    8   69   71   67    8
      9 2077    69   71   67    8   70   75   67    8   69   71   67    8
     10 2077    69   71   67    8   72   79   67    8   69   71   67    8
     11 2077    69   71   67    8   74   83   67    8   69   71   67    8
     12 2077    69   71   67    8   77   86   67    8   69   71   67    8
